#1
double table(366, 3) # time power temperature
106.0 0.8356673387096775 0.3925233644859809
342.0 0.831057123655914 0.3873831775700928
577.0 0.8264469086021506 0.3831775700934573
813.0 0.8218366935483872 0.3831775700934573
1048.0 0.8172264784946236 0.3864485981308405
1284.0 0.8126162634408602 0.3925233644859809
1520.0 0.8094274193548386 0.3859813084112145
1755.0 0.8079758064516129 0.3724299065420559
1991.0 0.8065241935483872 0.3644859813084106
2227.0 0.8050725806451613 0.3630841121495321
2462.0 0.8036209677419356 0.3553738317757001
2698.0 0.8021693548387097 0.3637850467289714
2933.0 0.7900060483870968 0.3504672897196256
3169.0 0.7647506720430107 0.3471962616822425
3405.0 0.7394952956989248 0.355140186915887
3640.0 0.7142399193548388 0.355140186915887
3876.0 0.6889845430107527 0.351869158878504
4111.0 0.6637291666666666 0.3443925233644854
4347.0 0.6459677419354839 0.3364485981308404
4583.0 0.6373655913978494 0.3313084112149528
4818.0 0.628763440860215 0.3238317757009342
5054.0 0.6201612903225806 0.3177570093457937
5290.0 0.6115591397849462 0.3177570093457937
5525.0 0.6029569892473118 0.3177570093457937
5761.0 0.6032943548387097 0.3177570093457937
5996.0 0.6145577956989248 0.3177570093457937
6232.0 0.6258212365591398 0.3140186915887845
6468.0 0.6370846774193548 0.2911214953271024
6703.0 0.6483481182795698 0.2897196261682241
6939.0 0.6596115591397849 0.2883177570093455
7174.0 0.6737661290322581 0.2806074766355135
7410.0 0.6914543010752687 0.2862149532710277
7646.0 0.7091424731182796 0.2742990654205602
7881.0 0.7268306451612904 0.2803738317757004
8117.0 0.744518817204301 0.2873831775700932
8353.0 0.7622069892473118 0.2897196261682241
8588.0 0.7717177419354839 0.2757009345794387
8824.0 0.7712338709677419 0.2761682242990649
9059.0 0.77075 0.2803738317757004
9295.0 0.770266129032258 0.2714953271028034
9531.0 0.7697822580645162 0.2710280373831769
9766.0 0.7692983870967741 0.2710280373831769
10002.0 0.7852661290322581 0.2710280373831769
10237.0 0.8213413978494624 0.2644859813084107
10473.0 0.8574166666666667 0.2453271028037378
10709.0 0.8934919354838711 0.2429906542056072
10944.0 0.9295672043010754 0.2429906542056072
11180.0 0.9656424731182796 0.2467289719626162
11416.0 0.977391129032258 0.2429906542056072
11651.0 0.959407258064516 0.2415887850467286
11887.0 0.9414233870967742 0.2336448598130835
12122.0 0.9234395161290324 0.2336448598130835
12358.0 0.9054556451612904 0.2233644859813081
12594.0 0.8874717741935484 0.2149532710280369
12829.0 0.8863084677419355 0.2219626168224296
13065.0 0.905703629032258 0.2242990654205605
13300.0 0.9250987903225806 0.2245327102803736
13536.0 0.9444939516129032 0.2329439252336444
13772.0 0.9638891129032258 0.2369158878504668
14007.0 0.9832842741935484 0.2415887850467287
14243.0 0.994405241935484 0.2336448598130835
14479.0 0.9954133064516127 0.2322429906542052
14714.0 0.996421370967742 0.2242990654205605
14950.0 0.997429435483871 0.2242990654205605
15185.0 0.9984375 0.2210280373831773
15421.0 0.999445564516129 0.2149532710280369
15657.0 0.9728185483870968 0.2149532710280369
15892.0 0.9124153225806452 0.2070093457943921
16128.0 0.8520120967741935 0.186915887850467
16363.0 0.7916088709677419 0.1920560747663547
16599.0 0.7312056451612904 0.1962616822429903
16835.0 0.6708024193548388 0.1911214953271024
17070.0 0.6340120967741936 0.186915887850467
17306.0 0.626081989247312 0.1775700934579437
17542.0 0.6181518817204301 0.1635514018691584
17777.0 0.6102217741935483 0.1962616822429902
18013.0 0.6022916666666667 0.2025700934579435
18248.0 0.594361559139785 0.2049065420560746
18484.0 0.5975302419354839 0.2088785046728968
18720.0 0.6142641129032258 0.2149532710280369
18955.0 0.6309979838709677 0.2116822429906538
19191.0 0.6477318548387097 0.2070093457943923
19426.0 0.6644657258064516 0.2149532710280369
19662.0 0.6811995967741936 0.2135514018691584
19898.0 0.6992399193548386 0.2018691588785043
20133.0 0.7188770161290322 0.1803738317757008
20369.0 0.7385141129032259 0.186682242990654
20605.0 0.7581512096774193 0.1820093457943926
20840.0 0.7777883064516129 0.1740654205607473
21076.0 0.7974254032258065 0.1595794392523364
21311.0 0.8217379032258064 0.1523364485981307
21547.0 0.8517647849462365 0.1401869158878501
21783.0 0.8817916666666668 0.1471962616822424
22018.0 0.9118185483870968 0.1481308411214947
22254.0 0.9418454301075267 0.1404205607476631
22489.0 0.971872311827957 0.1488317757009339
22725.0 0.9890403225806452 0.1429906542056069
22961.0 0.9904919354838708 0.1322429906542054
23196.0 0.9919435483870968 0.1401869158878501
23432.0 0.9933951612903226 0.1401869158878501
23668.0 0.9948467741935484 0.1401869158878501
23903.0 0.9962983870967742 0.1401869158878501
24139.0 0.9930927419354838 0.1401869158878501
24374.0 0.9841948924731184 0.1415887850467286
24610.0 0.9752970430107526 0.1495327102803731
24846.0 0.9663991935483872 0.1481308411214947
25081.0 0.9575013440860214 0.1401869158878501
25317.0 0.948603494623656 0.1415887850467286
25552.0 0.9300524193548388 0.1462616822429901
25788.0 0.8997029569892474 0.1387850467289717
26024.0 0.8693534946236559 0.1308411214953267
26259.0 0.8390040322580645 0.1294392523364482
26495.0 0.8086545698924731 0.1182242990654203
26731.0 0.7783051075268818 0.1121495327102801
26966.0 0.7668508064516129 0.1121495327102801
27202.0 0.7784905913978495 0.1018691588785044
27437.0 0.790130376344086 0.0934579439252335
27673.0 0.8017701612903225 0.0934579439252335
27909.0 0.8134099462365592 0.0934579439252335
28144.0 0.8250497311827957 0.094859813084112
28380.0 0.8326189516129032 0.1095794392523362
28615.0 0.8352130376344086 0.1301401869158875
28851.0 0.837807123655914 0.1380841121495324
29087.0 0.8404012096774194 0.1502336448598124
29322.0 0.8429952956989247 0.1731308411214951
29558.0 0.8455893817204301 0.1810747663551402
29794.0 0.8513709677419354 0.1775700934579436
30029.0 0.8610483870967742 0.1775700934579436
30265.0 0.8707258064516129 0.1773364485981305
30500.0 0.8804032258064517 0.1637850467289718
30736.0 0.8900806451612903 0.151635514018691
30972.0 0.899758064516129 0.139485981308411
31207.0 0.9014455645161292 0.1308411214953267
31443.0 0.8933676075268819 0.1308411214953267
31678.0 0.8852896505376344 0.1235981308411211
31914.0 0.877211693548387 0.1128504672897194
32150.0 0.8691337365591398 0.1053738317757007
32385.0 0.8610557795698925 0.0899532710280372
32621.0 0.8538548387096775 0.100467289719626
32857.0 0.8477258064516129 0.1014018691588783
33092.0 0.8415967741935484 0.0936915887850466
33328.0 0.8354677419354838 0.1021028037383175
33563.0 0.8293387096774193 0.0890186915887848
33799.0 0.8232096774193549 0.0927570093457943
34035.0 0.8191612903225807 0.0934579439252335
34270.0 0.8176559139784946 0.0934579439252335
34506.0 0.8161505376344087 0.0934579439252335
34741.0 0.8146451612903226 0.0985981308411213
34977.0 0.8131397849462367 0.1098130841121492
35213.0 0.8116344086021506 0.1121495327102801
35448.0 0.8065846774193549 0.1121495327102801
35684.0 0.7972029569892473 0.1107476635514015
35919.0 0.7878212365591397 0.1028037383177568
36155.0 0.7784395161290323 0.1028037383177568
36391.0 0.7690577956989246 0.1028037383177568
36626.0 0.7596760752688172 0.1028037383177568
36862.0 0.7449475806451613 0.1025700934579437
37098.0 0.7236841397849463 0.0927570093457943
37333.0 0.7024206989247311 0.0806074766355139
37569.0 0.681157258064516 0.0633177570093454
37804.0 0.6598938172043011 0.0607476635514014
38040.0 0.638630376344086 0.0705607476635512
38276.0 0.6282782258064517 0.074532710280374
38511.0 0.6312620967741935 0.0675233644859809
38747.0 0.6342459677419355 0.0780373831775701
38982.0 0.6372298387096774 0.089252336448598
39218.0 0.6402137096774194 0.0932242990654204
39454.0 0.6431975806451613 0.0848130841121494
39689.0 0.6382883064516129 0.0771028037383178
39925.0 0.6237318548387096 0.0733644859813085
40161.0 0.6091754032258064 0.0654205607476629
40396.0 0.5946189516129032 0.062616822429906
40632.0 0.5800625 0.0467289719626166
40867.0 0.5655060483870968 0.0518691588785045
41103.0 0.5541068548387097 0.0560747663551399
41339.0 0.5465665322580645 0.0560747663551399
41574.0 0.5390262096774193 0.0560747663551399
41810.0 0.5314858870967742 0.0560747663551399
42045.0 0.5239455645161291 0.0490654205607475
42281.0 0.5164052419354839 0.020093457943925
42517.0 0.4874354838709677 0.0184579439252335
42752.0 0.4322741935483871 0.0100467289719625
42988.0 0.3771129032258064 0.0093457943925233
43224.0 0.3219516129032258 0.0130841121495324
43459.0 0.2667903225806451 0.0126168224299064
43695.0 0.2116290322580645 0.0186915887850466
43930.0 0.1698709677419355 0.0186915887850466
44166.0 0.1444946236559139 0.0135514018691587
44402.0 0.1191182795698924 0.0093457943925233
44637.0 0.0937419354838709 0.0093457943925233
44873.0 0.0683655913978494 0.0093457943925233
45108.0 0.0429892473118279 0.0093457943925233
45344.0 0.0289717741935483 0.0093457943925233
45580.0 0.0288373655913978 0.0093457943925233
45815.0 0.0287029569892473 0.00607476635514
46051.0 0.0285685483870967 0.0
46287.0 0.0284341397849462 0.003271028037383
46522.0 0.0282997311827957 0.014485981308411
46758.0 0.0282439516129032 0.0287383177570092
46993.0 0.0282842741935483 0.0352803738317757
47229.0 0.0283245967741935 0.0532710280373828
47465.0 0.0283649193548387 0.0719626168224296
47700.0 0.0284052419354838 0.0911214953271027
47936.0 0.028445564516129 0.0934579439252335
48171.0 0.0284798387096774 0.0934579439252335
48407.0 0.0285067204301075 0.0985981308411213
48643.0 0.0285336021505376 0.1100467289719622
48878.0 0.0285604838709677 0.1207943925233642
49114.0 0.0285873655913978 0.1355140186915885
49350.0 0.0286142473118279 0.1401869158878501
49585.0 0.0286350806451612 0.1471962616822424
49821.0 0.0286485215053763 0.1574766355140182
50056.0 0.0286619623655913 0.1810747663551401
50292.0 0.0286754032258064 0.2058411214953266
50528.0 0.0286888440860215 0.2221962616822427
50763.0 0.0287022849462365 0.2343457943925229
50999.0 0.028649193548387 0.2532710280373826
51234.0 0.0285147849462365 0.2719626168224295
51470.0 0.028380376344086 0.2838785046728967
51706.0 0.0282459677419354 0.2983644859813078
51941.0 0.0281115591397849 0.3163551401869155
52177.0 0.0279771505376344 0.3299065420560744
52413.0 0.0264697580645161 0.3460280373831771
52648.0 0.0232842741935483 0.3595794392523359
52884.0 0.0200987903225806 0.3717289719626165
53119.0 0.0169133064516129 0.3876168224299058
53355.0 0.0137278225806451 0.4067757009345789
53591.0 0.0105423387096774 0.42126168224299
53826.0 0.0081310483870967 0.4371495327102795
54062.0 0.0066659946236559 0.4530373831775695
54297.0 0.005200940860215 0.4684579439252331
54533.0 0.0037358870967741 0.4838785046728963
54769.0 0.0022708333333333 0.4803738317757001
55004.0 0.0008057795698924 0.5112149532710275
55240.0 0.0011189516129032 0.5259345794392514
55476.0 0.0036055107526881 0.53714953271028
55711.0 0.0060920698924731 0.5523364485981299
55947.0 0.008578629032258 0.55841121495327
56182.0 0.011065188172043 0.5799065420560743
56418.0 0.0135517473118279 0.5728971962616816
56654.0 0.0159294354838709 0.5829439252336448
56889.0 0.0181740591397849 0.5988317757009339
57125.0 0.0204186827956989 0.5969626168224291
57360.0 0.0226633064516129 0.5801401869158883
57596.0 0.0249079301075268 0.5897196261682236
57832.0 0.0271525537634408 0.5939252336448587
58067.0 0.0283931451612903 0.5775700934579439
58303.0 0.0284065860215053 0.6070093457943914
58539.0 0.0284200268817204 0.6095794392523355
58774.0 0.0284334677419354 0.6039719626168217
59010.0 0.0284469086021505 0.6039719626168216
59245.0 0.0284603494623655 0.5932242990654196
59481.0 0.028461693548387 0.599532710280373
59717.0 0.028448252688172 0.6261682242990652
59952.0 0.0284348118279569 0.6425233644859801
60188.0 0.0284213709677419 0.6397196261682232
60423.0 0.0284079301075268 0.638785046728971
60659.0 0.0283944892473118 0.647196261682242
60895.0 0.0283931451612903 0.638785046728971
61130.0 0.0284065860215053 0.6294392523364475
61366.0 0.0284200268817204 0.6102803738317747
61602.0 0.0284334677419354 0.614018691588784
61837.0 0.0284469086021505 0.6537383177570083
62073.0 0.0284603494623655 0.6355140186915877
62308.0 0.0284737903225806 0.632242990654205
62544.0 0.0284872311827956 0.6331775700934574
62780.0 0.0285006720430107 0.6705607476635508
63015.0 0.0285141129032258 0.6626168224299059
63251.0 0.0285275537634408 0.6677570093457936
63486.0 0.0285409946236559 0.6640186915887842
63722.0 0.0285544354838709 0.6299065420560739
63958.0 0.028567876344086 0.6588785046728967
64193.0 0.028581317204301 0.6612149532710271
64429.0 0.0285947580645161 0.6700934579439245
64665.0 0.0286081989247311 0.6855140186915881
64900.0 0.0286216397849462 0.7154205607476631
65136.0 0.0286290322580645 0.6946261682242982
65371.0 0.0286290322580645 0.6871495327102795
65607.0 0.0286290322580645 0.722429906542055
65843.0 0.0286290322580645 0.7252336448598127
66078.0 0.0286290322580645 0.7546728971962603
66314.0 0.0286290322580645 0.7233644859813072
66549.0 0.0286229838709677 0.7345794392523354
66785.0 0.0286095430107526 0.7719626168224287
67021.0 0.0285961021505376 0.7740654205607468
67256.0 0.0285826612903225 0.7605140186915877
67492.0 0.0285692204301075 0.7366822429906532
67728.0 0.0285557795698924 0.7469626168224293
67963.0 0.0285423387096774 0.7633177570093449
68199.0 0.0285288978494623 0.7656542056074761
68434.0 0.0285154569892473 0.7588785046728971
68670.0 0.0285020161290322 0.7766355140186907
68906.0 0.0284885752688172 0.7887850467289713
69141.0 0.0284751344086021 0.7915887850467281
69377.0 0.0284677419354838 0.7939252336448587
69612.0 0.0284677419354838 0.8219626168224282
69848.0 0.0284677419354838 0.7820093457943914
70084.0 0.0284677419354838 0.7908878504672887
70319.0 0.0284677419354838 0.8011682242990643
70555.0 0.0284677419354838 0.8249999999999991
70791.0 0.0284677419354838 0.8684579439252327
71026.0 0.0284677419354838 0.8740654205607467
71262.0 0.0284677419354838 0.9441588785046718
71497.0 0.0284677419354838 0.8880841121495319
71733.0 0.0284677419354838 0.8668224299065411
71969.0 0.0284677419354838 0.8345794392523352
72204.0 0.0284677419354838 0.8035046728971953
72440.0 0.0284677419354838 0.8278037383177559
72675.0 0.0284677419354838 0.7911214953271024
72911.0 0.0284677419354838 0.7658878504672887
73147.0 0.0284677419354838 0.8203271028037371
73382.0 0.0284677419354838 0.8628504672897183
73618.0 0.0284677419354838 0.8399532710280365
73854.0 0.0284677419354838 0.8591121495327089
74089.0 0.0284677419354838 0.8130841121495316
74325.0 0.0284677419354838 0.8556074766355131
74560.0 0.0284677419354838 0.9254672897196248
74796.0 0.0284677419354838 0.9025700934579428
75032.0 0.0285221774193548 0.7950934579439244
75267.0 0.0286431451612903 0.8133177570093449
75503.0 0.0287641129032258 0.8483644859813066
75738.0 0.0288850806451612 0.8768691588785036
75974.0 0.0290060483870967 0.9060747663551394
76210.0 0.0291270161290322 0.8943925233644852
76445.0 0.0292056451612903 0.8700934579439238
76681.0 0.0292325268817204 0.8182242990654196
76916.0 0.0292594086021505 0.8616822429906534
77152.0 0.0292862903225806 0.9014018691588772
77388.0 0.0293131720430107 0.9268691588785034
77623.0 0.0293400537634408 0.9385514018691568
77859.0 0.0317379032258064 0.8710280373831765
78095.0 0.0370336021505376 0.8429906542056061
78330.0 0.0423293010752688 0.8285046728971952
78566.0 0.047625 0.8037383177570081
78801.0 0.0529206989247311 0.8359813084112137
79037.0 0.0582163978494623 0.8612149532710272
79273.0 0.0939959677419354 0.8658878504672891
79508.0 0.1670336021505376 0.8135514018691579
79744.0 0.2400712365591397 0.8301401869158868
79979.0 0.3131088709677418 0.8628504672897186
80215.0 0.3861465053763441 0.8310747663551394
80451.0 0.4591841397849462 0.7142523364485976
80686.0 0.5038427419354838 0.713551401869158
80922.0 0.5138158602150538 0.6915887850467277
81158.0 0.5237889784946236 0.716121495327102
81393.0 0.5337620967741936 0.7264018691588767
81629.0 0.5437352150537634 0.7348130841121487
81864.0 0.5537083333333334 0.6759345794392516
82100.0 0.5551774193548387 0.6862149532710273
82336.0 0.5462526881720431 0.7324766355140175
82571.0 0.5373279569892473 0.8032710280373818
82807.0 0.5284032258064516 0.7640186915887838
83042.0 0.5194784946236559 0.735280373831775
83278.0 0.5105537634408603 0.7544392523364472
83514.0 0.5055 0.8831775700934562
83749.0 0.5051774193548387 0.9649532710280356
83985.0 0.5048548387096774 0.9789719626168212
84221.0 0.5045322580645161 0.9658878504672886
84456.0 0.5042096774193549 0.9261682242990638
84692.0 0.5038870967741935 0.893925233644859
84927.0 0.5037943548387097 0.7710280373831768
85163.0 0.5039825268817204 0.705140186915887
85399.0 0.5041706989247311 0.7142523364485969
85634.0 0.504358870967742 0.66518691588785
85870.0 0.5045470430107526 0.6567757009345779
86105.0 0.5047352150537635 0.6637850467289705
