#1
double table(1440, 3) # time power temperature
0.0 0.327993613240727 0.9800285306704708
60.0 0.3447726332575526 0.978601997146933
120.0 0.3410466095812985 0.978601997146933
180.0 0.3298916250196922 0.9800285306704708
240.0 0.3347156586389985 0.9843081312410844
300.0 0.3431429974903418 0.9871611982881598
360.0 0.3287656862295383 0.985734664764622
420.0 0.3434733462143803 0.9843081312410844
480.0 0.341816409525957 0.9843081312410844
540.0 0.3398568824974954 0.985734664764622
600.0 0.3403890939359687 0.9900142653352356
660.0 0.345582135314052 0.992867332382311
720.0 0.3417409080610662 0.9942938659058488
780.0 0.3371264131671733 0.992867332382311
840.0 0.335704739756507 0.9900142653352356
900.0 0.3446529399526386 0.9843081312410844
960.0 0.3375626785751255 0.9828815977175466
1020.0 0.3411424620009178 0.9828815977175466
1080.0 0.3357481510724267 0.9828815977175466
1140.0 0.3431695459292393 0.9828815977175466
1200.0 0.3374791488623121 0.9828815977175466
1260.0 0.3352272731625187 0.9843081312410844
1320.0 0.3450450825188542 0.985734664764622
1380.0 0.3428548699931401 0.985734664764622
1440.0 0.3406695679330556 0.985734664764622
1500.0 0.3252261197893738 0.985734664764622
1560.0 0.3331995009382642 0.9843081312410844
1620.0 0.3429423493116773 0.9843081312410844
1680.0 0.3324522730017942 0.9843081312410844
1740.0 0.3337451857371326 0.985734664764622
1800.0 0.3428780661938436 0.985734664764622
1860.0 0.3399641162328701 0.985734664764622
1920.0 0.3122494640932539 0.985734664764622
1980.0 0.3436656698811368 0.985734664764622
2040.0 0.3370919850963017 0.9843081312410844
2100.0 0.3314502533366612 0.9843081312410844
2160.0 0.3425958196736409 0.9843081312410844
2220.0 0.3372818765112358 0.9843081312410844
2280.0 0.3342272379102294 0.9843081312410844
2340.0 0.3340650906648189 0.9828815977175466
2400.0 0.3318954747498571 0.9828815977175466
2460.0 0.3401518733745539 0.9828815977175466
2520.0 0.3392691377812111 0.9843081312410844
2580.0 0.3402812970141793 0.985734664764622
2640.0 0.3320794886722748 0.9900142653352356
2700.0 0.344086020163681 0.992867332382311
2760.0 0.3471057800617202 0.992867332382311
2820.0 0.3377874030352429 0.9900142653352356
2880.0 0.3300236439351476 0.9871611982881598
2940.0 0.3366076567817341 0.9828815977175466
3000.0 0.3411057519257953 0.9814550641940086
3060.0 0.6959711973459874 0.9814550641940086
3120.0 0.3375282522741499 0.9814550641940086
3180.0 0.3428780661938436 0.9828815977175466
3240.0 0.3284279721389109 0.985734664764622
3300.0 0.3327282661478331 0.9900142653352356
3360.0 0.3437364657181969 0.9885877318116976
3420.0 0.3463614426141898 0.9843081312410844
3480.0 0.3405804179986914 0.9828815977175466
3540.0 0.3325982894157306 0.9828815977175466
3600.0 0.3340336098854844 0.9814550641940086
3660.0 0.339789044709621 0.9814550641940086
3720.0 0.3369503248387144 0.9814550641940086
3780.0 0.3303217607802677 0.9814550641940086
3840.0 0.3434123535266563 0.9843081312410844
3900.0 0.325380335080262 0.9900142653352356
3960.0 0.3328858975037871 0.9914407988587732
4020.0 0.3471684045381792 0.9914407988587732
4080.0 0.3240557761079745 0.9900142653352356
4140.0 0.3368521236565822 0.9900142653352356
4200.0 0.3382235670336895 0.9871611982881598
4260.0 0.3456811388674407 0.9814550641940086
4320.0 0.3419510832023383 0.978601997146933
4380.0 0.3452207512990146 0.9800285306704708
4440.0 0.348784247561744 0.9843081312410844
4500.0 0.3470719183851997 0.9885877318116976
4560.0 0.3436989480174394 0.9914407988587732
4620.0 0.3271522637875446 0.9900142653352356
4680.0 0.339476547460098 0.9885877318116976
4740.0 0.3436208693904973 0.9828815977175466
4800.0 0.3324138283456998 0.9814550641940086
4860.0 0.32397320224958 0.9800285306704708
4920.0 0.3454554771368117 0.9814550641940086
4980.0 0.3372051271590984 0.9828815977175466
5040.0 0.3426984189088774 0.9843081312410844
5100.0 0.3316917708458755 0.9885877318116976
5160.0 0.3412325015845313 0.9914407988587732
5220.0 0.3443321463159601 0.9914407988587732
5280.0 0.3383532166392464 0.9900142653352356
5340.0 0.6634229349844074 0.9900142653352356
5400.0 0.3478654370093701 0.985734664764622
5460.0 0.3473243766167022 0.9814550641940086
5520.0 0.3451253717181539 0.9800285306704708
5580.0 0.341842123984363 0.9800285306704708
5640.0 0.3320861257819992 0.9814550641940086
5700.0 0.3286857132332077 0.9828815977175466
5760.0 0.3484598754720485 0.9828815977175466
5820.0 0.3375490201776422 0.9828815977175466
5880.0 0.3435439895361898 0.9843081312410844
5940.0 0.3446100593289506 0.9885877318116976
6000.0 0.3403377336302784 0.9914407988587732
6060.0 0.3435896931991898 0.9914407988587732
6120.0 0.3488586551479883 0.9900142653352356
6180.0 0.3405261553678826 0.9843081312410844
6240.0 0.3453337967918647 0.9800285306704708
6300.0 0.3383222434605327 0.9814550641940086
6360.0 0.3407215142678799 0.9843081312410844
6420.0 0.3471484932090061 0.9900142653352356
6480.0 0.3351364307928295 0.992867332382311
6540.0 0.3475488203547329 0.992867332382311
6600.0 0.3282966858497506 0.9914407988587732
6660.0 0.33819365554364 0.9900142653352356
6720.0 0.3454075611315583 0.9885877318116976
6780.0 0.3451424267948117 0.9885877318116976
6840.0 0.3266403772531441 0.9843081312410844
6900.0 0.345025724282158 0.9814550641940086
6960.0 0.3395130515635821 0.9814550641940086
7020.0 0.3522783246622434 0.9814550641940086
7080.0 0.3360812520122855 0.9814550641940086
7140.0 0.3466824970892804 0.9814550641940086
7200.0 0.3375468748978515 0.9814550641940086
7260.0 0.3341441828890345 0.9814550641940086
7320.0 0.348741917984091 0.978601997146933
7380.0 0.3509176045591169 0.9771754636233952
7440.0 0.3315042724961617 0.9771754636233952
7500.0 0.3519492905560589 0.9800285306704708
7560.0 0.3522242228707268 0.9843081312410844
7620.0 0.3425309168986504 0.985734664764622
7680.0 0.3547271685675599 0.9900142653352356
7740.0 0.3471706169080873 0.9942938659058488
7800.0 0.3413778872794614 0.9957203994293866
7860.0 0.3510310441027023 0.9985734664764624
7920.0 0.3514078583746279 0.9957203994293866
7980.0 0.3456953951025824 0.9914407988587732
8040.0 0.3400459497769841 0.9900142653352356
8100.0 0.3431201285821116 0.9900142653352356
8160.0 0.3400894072208164 0.985734664764622
8220.0 0.3493277451287573 0.9814550641940086
8280.0 0.3372859562319649 0.9771754636233952
8340.0 0.3456886214619801 0.9743223965763196
8400.0 0.3478191575771016 0.9757489300998576
8460.0 0.3471176339120333 0.9771754636233952
8520.0 0.3423487566933241 0.9771754636233952
8580.0 0.3341486076288508 0.9800285306704708
8640.0 0.3414709989322746 0.9828815977175466
8700.0 0.3516650463764477 0.985734664764622
8760.0 0.3474049016546341 0.9885877318116976
8820.0 0.3912963347256839 0.9914407988587732
8880.0 0.3376718067075432 0.9942938659058488
8940.0 0.3430373568272287 0.9957203994293866
9000.0 0.3392071914237836 0.992867332382311
9060.0 0.3438769635413252 0.9914407988587732
9120.0 0.3453375784510579 0.9900142653352356
9180.0 0.3458857830839424 0.9900142653352356
9240.0 0.3467840052666421 0.9885877318116976
9300.0 0.3353787813422781 0.985734664764622
9360.0 0.3266312005916568 0.9814550641940086
9420.0 0.3418903445223343 0.978601997146933
9480.0 0.3502713895056954 0.9771754636233952
9540.0 0.3513798304963182 0.978601997146933
9600.0 0.3468962830394795 0.9800285306704708
9660.0 0.3403625680079349 0.9814550641940086
9720.0 0.3314633436528614 0.9814550641940086
9780.0 0.3358825183355757 0.9814550641940086
9840.0 0.3469305747730555 0.9814550641940086
9900.0 0.351179387127798 0.9828815977175466
9960.0 0.346835442867006 0.985734664764622
10020.0 0.3309447568455757 0.9900142653352356
10080.0 0.3470503434091649 0.992867332382311
10140.0 0.347191003288389 0.992867332382311
10200.0 0.3465306780438943 0.992867332382311
10260.0 0.3450266045564898 0.9900142653352356
10320.0 0.3459919771713881 0.9885877318116976
10380.0 0.33969829216215 0.9885877318116976
10440.0 0.3363393595856577 0.9885877318116976
10500.0 0.3313610215446105 0.9885877318116976
10560.0 0.3416985970396657 0.985734664764622
10620.0 0.3452712973419601 0.9800285306704708
10680.0 0.3435551341007104 0.9771754636233952
10740.0 0.3377878651716621 0.978601997146933
10800.0 0.3445273879603523 0.9800285306704708
10860.0 0.3316530543724833 0.9814550641940086
10920.0 0.3409421853344702 0.9814550641940086
10980.0 0.3451180907258223 0.9828815977175466
11040.0 0.3367369891887555 0.9871611982881598
11100.0 0.343975727854563 0.9914407988587732
11160.0 0.3522670362660242 0.992867332382311
11220.0 0.346468742554734 0.992867332382311
11280.0 0.3450583567383029 0.9914407988587732
11340.0 0.3366712624165928 0.9900142653352356
11400.0 0.3375705907842465 0.9900142653352356
11460.0 0.3413056711838843 0.9885877318116976
11520.0 0.3368238799062787 0.9885877318116976
11580.0 0.337247188791101 0.9843081312410844
11640.0 0.3395470389580226 0.9800285306704708
11700.0 0.3412641883631589 0.978601997146933
11760.0 0.6914957887279122 0.978601997146933
11820.0 0.3390848114445077 0.9800285306704708
11880.0 0.343083055982525 0.9800285306704708
11940.0 0.3309374915334159 0.9814550641940086
12000.0 0.3365434980543984 0.9814550641940086
12060.0 0.3420871439516881 0.9814550641940086
12120.0 0.3384786685217943 0.9814550641940086
12180.0 0.3426968440610129 0.9843081312410844
12240.0 0.333619413060948 0.9885877318116976
12300.0 0.3432217175386295 0.9914407988587732
12360.0 0.3375844180961723 0.9942938659058488
12420.0 0.3491313409669423 0.9971469329529246
12480.0 0.3370794446646422 0.9942938659058488
12540.0 0.3450616752931651 0.9885877318116976
12600.0 0.3467552444578365 0.985734664764622
12660.0 0.3471194788626089 0.9828815977175466
12720.0 0.3444701255495304 0.9800285306704708
12780.0 0.334148180309603 0.978601997146933
12840.0 0.3479427340060237 0.9800285306704708
12900.0 0.344139964296187 0.9800285306704708
12960.0 0.3460944111979017 0.9800285306704708
13020.0 0.3331896137465263 0.9814550641940086
13080.0 0.6455472317551089 0.9814550641940086
13140.0 0.3280980239920988 0.9814550641940086
13200.0 0.3395126116891351 0.9814550641940086
13260.0 0.3517343441072245 0.9828815977175466
13320.0 0.3508058563999808 0.985734664764622
13380.0 0.3435504246012324 0.9900142653352356
13440.0 0.3362094301982712 0.9957203994293866
13500.0 0.3279838142119299 0.9985734664764624
13560.0 0.3201393282781124 0.9985734664764624
13620.0 0.3014298690575578 0.992867332382311
13680.0 0.2834494180776412 0.9871611982881598
13740.0 0.2738255429933554 0.9843081312410844
13800.0 0.2712310198116219 0.9800285306704708
13860.0 0.2706502727107385 0.978601997146933
13920.0 0.2705258269034063 0.9743223965763196
13980.0 0.2703498015721806 0.972895863052782
14040.0 0.2701795910127844 0.9743223965763196
14100.0 0.2708709566090742 0.978601997146933
14160.0 0.2705280392733145 0.9800285306704708
14220.0 0.2711392064604346 0.9828815977175466
14280.0 0.270669529233728 0.9828815977175466
14340.0 0.2705206109371471 0.985734664764622
14400.0 0.2703895976544334 0.9885877318116976
14460.0 0.2704522656039611 0.992867332382311
14520.0 0.2706176726105035 0.9971469329529246
14580.0 0.2707763777955017 1.0
14640.0 0.27072825875 0.9942938659058488
14700.0 0.2706347861213816 0.9900142653352356
14760.0 0.270501490834417 0.9871611982881598
14820.0 0.2704499858950439 0.985734664764622
14880.0 0.2703639010609144 0.9814550641940086
14940.0 0.2701342374296678 0.978601997146933
15000.0 0.2701480421201113 0.978601997146933
15060.0 0.2700363400612332 0.978601997146933
15120.0 0.2700260801957843 0.9800285306704708
15180.0 0.2700551452054523 0.978601997146933
15240.0 0.2699702288068351 0.978601997146933
15300.0 0.2700069488376223 0.9800285306704708
15360.0 0.2702227322259929 0.985734664764622
15420.0 0.2704219207106466 0.9900142653352356
15480.0 0.2705103403140494 0.9942938659058488
15540.0 0.270606578405053 0.9971469329529246
15600.0 0.5408453503128798 0.992867332382311
15660.0 0.2705583473859793 0.9885877318116976
15720.0 0.2704002308296497 0.985734664764622
15780.0 0.2705805830586325 0.985734664764622
15840.0 0.2703506550491819 0.9871611982881598
15900.0 0.2704977341196944 0.9885877318116976
15960.0 0.2704893227999222 0.9871611982881598
16020.0 0.270433460459742 0.9871611982881598
16080.0 0.2703785406167973 0.985734664764622
16140.0 0.2703946056026121 0.9843081312410844
16200.0 0.2704041465584593 0.9800285306704708
16260.0 0.2701641044234275 0.9771754636233952
16320.0 0.2701144661158552 0.9771754636233952
16380.0 0.2700075792524276 0.978601997146933
16440.0 0.270138662169484 0.9814550641940086
16500.0 0.2702149889313144 0.985734664764622
16560.0 0.2702990589878233 0.9885877318116976
16620.0 0.2704446955378465 0.992867332382311
16680.0 0.2706270428267031 0.9942938659058488
16740.0 0.2706540026834397 0.9914407988587732
16800.0 0.2705695212090918 0.9871611982881598
16860.0 0.2704484914668256 0.985734664764622
16920.0 0.2704295118495846 0.985734664764622
16980.0 0.270397509448735 0.9843081312410844
17040.0 0.2981117920672673 0.9800285306704708
17100.0 0.2801221874345103 0.9771754636233952
17160.0 0.2738559737819316 0.9757489300998576
17220.0 0.2959371076681552 0.978601997146933
17280.0 0.2751557424580328 0.9843081312410844
17340.0 0.2741158814777341 0.9871611982881598
17400.0 0.2741421604776314 0.9885877318116976
17460.0 0.28003000486644 0.9900142653352356
17520.0 0.30019619103316 0.9900142653352356
17580.0 0.2755196988785264 0.9900142653352356
17640.0 0.2850051270342433 0.9900142653352356
17700.0 0.281844311353385 0.9914407988587732
17760.0 0.2743559923068515 0.9942938659058488
17820.0 0.2784295184001907 0.9942938659058488
17880.0 0.2975577253178372 0.9885877318116976
17940.0 0.2789541862933337 0.985734664764622
18000.0 0.2810815968275582 0.9871611982881598
18060.0 0.2742894630804686 0.985734664764622
18120.0 0.2746474720422473 0.9800285306704708
18180.0 0.2796406711527144 0.9771754636233952
18240.0 0.2864134083061446 0.9771754636233952
18300.0 0.2747829796991201 0.978601997146933
18360.0 0.2737061086463391 0.978601997146933
18420.0 0.2891550877147913 0.9800285306704708
18480.0 0.2737566885385443 0.978601997146933
18540.0 0.308990937850945 0.9800285306704708
18600.0 0.3598460968534883 0.9843081312410844
18660.0 0.3466695155663705 0.9885877318116976
18720.0 0.3313483004176388 0.9914407988587732
18780.0 0.339372566074416 0.9957203994293866
18840.0 0.3200425370946319 0.9985734664764624
18900.0 0.3390639176848222 0.992867332382311
18960.0 0.3386756366996629 0.9871611982881598
19020.0 0.3400761910760777 0.9871611982881598
19080.0 0.3289293558066826 0.9871611982881598
19140.0 0.3327127795584762 0.9885877318116976
19200.0 0.3234451620133314 0.9871611982881598
19260.0 0.3396689445775355 0.9828815977175466
19320.0 0.3390357090005818 0.978601997146933
19380.0 0.3389761185682148 0.978601997146933
19440.0 0.3404632644391228 0.978601997146933
19500.0 0.3394334062468895 0.978601997146933
19560.0 0.3391081878703949 0.9800285306704708
19620.0 0.3393421459881793 0.9843081312410844
19680.0 0.3251276693284621 0.9871611982881598
19740.0 0.3392995578674478 0.9900142653352356
19800.0 0.3395357506447672 0.9900142653352356
19860.0 0.3400799713525397 0.9900142653352356
19920.0 0.3352044611675044 0.9885877318116976
19980.0 0.3401280903980415 0.9885877318116976
20040.0 0.3420910155990274 0.9885877318116976
20100.0 0.3173733128004764 0.9871611982881598
20160.0 0.2745479153963815 0.9871611982881598
20220.0 0.270554587712212 0.9871611982881598
20280.0 0.2704472877716678 0.9871611982881598
20340.0 0.275391619336584 0.9885877318116976
20400.0 0.3388697824189665 0.9871611982881598
20460.0 0.4235156307902171 0.9871611982881598
20520.0 0.4306240721515224 0.9871611982881598
20580.0 0.4310730863963795 0.9871611982881598
20640.0 0.431599034311442 0.9885877318116976
20700.0 0.4315282815049767 0.9871611982881598
20760.0 0.4285571146250375 0.9871611982881598
20820.0 0.4325835819511533 0.9871611982881598
20880.0 0.4324436495544643 0.9828815977175466
20940.0 0.4323557078506162 0.9800285306704708
21000.0 0.432263341406952 0.978601997146933
21060.0 0.4321618078979548 0.978601997146933
21120.0 0.4324851314902417 0.9843081312410844
21180.0 0.4324850650914898 0.9871611982881598
21240.0 0.4326659927302311 0.9900142653352356
21300.0 0.4326545136277258 0.9900142653352356
21360.0 0.4144548698314822 0.9900142653352356
21420.0 0.2866661715681482 0.9900142653352356
21480.0 0.2766004415786465 0.9885877318116976
21540.0 0.2730025750155547 0.9871611982881598
21600.0 0.2734959222496352 0.9871611982881598
21660.0 0.2730490347836254 0.9828815977175466
21720.0 0.2730838796096784 0.978601997146933
21780.0 0.2726732312328923 0.978601997146933
21840.0 0.272526904561731 0.978601997146933
21900.0 0.2725130881733816 0.9814550641940086
21960.0 0.2724233558049845 0.9843081312410844
22020.0 0.2727682254742243 0.9871611982881598
22080.0 0.2723632336848193 0.9871611982881598
22140.0 0.2727033519854805 0.9828815977175466
22200.0 0.2724529715011773 0.9800285306704708
22260.0 0.2724367614115512 0.9800285306704708
22320.0 0.2723013509883359 0.9843081312410844
22380.0 0.2724273588394416 0.9885877318116976
22440.0 0.2725399392091733 0.9885877318116976
22500.0 0.2723206119913746 0.9900142653352356
22560.0 0.2727763592245369 0.9914407988587732
22620.0 0.2726546798475017 0.9942938659058488
22680.0 0.2729634353711083 0.9942938659058488
22740.0 0.2724289486484577 0.9900142653352356
22800.0 0.272165789156055 0.985734664764622
22860.0 0.2721347729190918 0.9843081312410844
22920.0 0.2720367337654008 0.9828815977175466
22980.0 0.2720274729785477 0.978601997146933
23040.0 0.2714684594529669 0.9771754636233952
23100.0 0.2717005953246219 0.9771754636233952
23160.0 0.2714185181613356 0.978601997146933
23220.0 0.2717968334156254 0.978601997146933
23280.0 0.2715910830141696 0.9800285306704708
23340.0 0.2717658602369116 0.9843081312410844
23400.0 0.2717116571741625 0.9871611982881598
23460.0 0.2719124297433251 0.9885877318116976
23520.0 0.2719500400317632 0.9885877318116976
23580.0 0.2718007050629646 0.9885877318116976
23640.0 0.2720761451165265 0.9914407988587732
23700.0 0.2718289127792933 0.992867332382311
23760.0 0.2721071182952402 0.992867332382311
23820.0 0.271867553119506 0.9885877318116976
23880.0 0.2719317879800211 0.985734664764622
23940.0 0.2718426091189205 0.985734664764622
24000.0 0.2716524762791201 0.985734664764622
24060.0 0.2716528232063763 0.985734664764622
24120.0 0.2715368799514205 0.985734664764622
24180.0 0.2717664133293886 0.985734664764622
24240.0 0.271650817001689 0.9828815977175466
24300.0 0.2716137598057279 0.9771754636233952
24360.0 0.271519429745497 0.9757489300998576
24420.0 0.2715169686222473 0.9771754636233952
24480.0 0.2715490479859151 0.9814550641940086
24540.0 0.5431174542085264 0.9843081312410844
24600.0 0.2716548775577638 0.985734664764622
24660.0 0.2715401985062827 0.985734664764622
24720.0 0.2717732017099055 0.985734664764622
24780.0 0.2716878741976501 0.9871611982881598
24840.0 0.5437844837358268 0.9871611982881598
24900.0 0.2718499302934204 0.9900142653352356
24960.0 0.272015586523433 0.992867332382311
25020.0 0.2721348821272014 0.9942938659058488
25080.0 0.2720269198860706 0.9914407988587732
25140.0 0.272039444665213 0.9871611982881598
25200.0 0.2719998183546961 0.9871611982881598
25260.0 0.2721773610398233 0.9871611982881598
25320.0 0.2719599956963498 0.985734664764622
25380.0 0.272224926992848 0.985734664764622
25440.0 0.2720700610992791 0.9843081312410844
25500.0 0.2720153049440529 0.9800285306704708
25560.0 0.2715473887084841 0.9771754636233952
25620.0 0.2714732743165618 0.9771754636233952
25680.0 0.2715622673385902 0.9771754636233952
25740.0 0.2714705088541767 0.9814550641940086
25800.0 0.2718388684438799 0.9843081312410844
25860.0 0.2717581169422332 0.9871611982881598
25920.0 0.2721452816761555 0.9900142653352356
25980.0 0.2721628793088786 0.992867332382311
26040.0 0.2722630903737633 0.9957203994293866
26100.0 0.2720650832669858 0.992867332382311
26160.0 0.2720258889770027 0.9871611982881598
26220.0 0.2718438462761731 0.9843081312410844
26280.0 0.271771944254159 0.9843081312410844
26340.0 0.2718538019407597 0.9843081312410844
26400.0 0.2716414144295794 0.985734664764622
26460.0 0.2718914122291979 0.985734664764622
26520.0 0.2718372091664487 0.9828815977175466
26580.0 0.2718084483576431 0.978601997146933
26640.0 0.260187975415205 0.9771754636233952
26700.0 0.2478888932630945 0.978601997146933
26760.0 0.2585388380497281 0.9814550641940086
26820.0 0.3160140823136636 0.9843081312410844
26880.0 0.4296510856379308 0.9885877318116976
26940.0 0.431239049067279 0.9914407988587732
27000.0 0.4320577734707043 0.992867332382311
27060.0 0.4327177249076483 0.9914407988587732
27120.0 0.4326786492283468 0.9885877318116976
27180.0 0.3247486170231375 0.9871611982881598
27240.0 0.3513005584340837 0.985734664764622
27300.0 0.3942537202003729 0.985734664764622
27360.0 0.3641870600564475 0.9871611982881598
27420.0 0.3478225446877763 0.9871611982881598
27480.0 0.3776754266524518 0.9885877318116976
27540.0 0.3921215487014153 0.9900142653352356
27600.0 0.3835682736520967 0.9885877318116976
27660.0 0.363970584611115 0.9871611982881598
27720.0 0.3444656120383716 0.9843081312410844
27780.0 0.3757740309430936 0.978601997146933
27840.0 0.3854734657605626 0.9771754636233952
27900.0 0.3831575789261611 0.9771754636233952
27960.0 0.3689591419482779 0.978601997146933
28020.0 0.3599904023035016 0.9800285306704708
28080.0 0.3466074337289407 0.985734664764622
28140.0 0.3476063158387246 0.9885877318116976
28200.0 0.3602473690130214 0.9900142653352356
28260.0 0.3609636371003062 0.9900142653352356
28320.0 0.3541481157825161 0.9900142653352356
28380.0 0.3995795822014572 0.9900142653352356
28440.0 0.3755514511820198 0.9885877318116976
28500.0 0.3896685835657793 0.9871611982881598
28560.0 0.3859701207088927 0.9885877318116976
28620.0 0.3889032052912738 0.9885877318116976
28680.0 0.351650229471462 0.9885877318116976
28740.0 0.3509172653475007 0.9885877318116976
28800.0 0.3580399902667162 0.9885877318116976
28860.0 0.3550582687230378 0.985734664764622
28920.0 0.3737072723363181 0.9800285306704708
28980.0 0.3710950556156258 0.9771754636233952
29040.0 0.353508672599801 0.9771754636233952
29100.0 0.3639384741083406 0.978601997146933
29160.0 0.352663232142803 0.978601997146933
29220.0 0.3476778027095255 0.9800285306704708
29280.0 0.3417792550686838 0.9814550641940086
29340.0 0.3487921493727264 0.985734664764622
29400.0 0.3370152859373065 0.9885877318116976
29460.0 0.3406791845519538 0.9914407988587732
29520.0 0.3611532008079477 0.9900142653352356
29580.0 0.3504145654302521 0.9900142653352356
29640.0 0.3412604960284007 0.9900142653352356
29700.0 0.361871658007602 0.9885877318116976
29760.0 0.3151001027198757 0.9885877318116976
29820.0 0.2059656114255728 0.9885877318116976
29880.0 0.2020203457907252 0.9885877318116976
29940.0 0.2011861881437124 0.9885877318116976
30000.0 0.2017172511133118 0.9871611982881598
30060.0 0.2011194338640006 0.9871611982881598
30120.0 0.201337829674068 0.9871611982881598
30180.0 0.2280958906203892 0.9885877318116976
30240.0 0.2431422183655622 0.9843081312410844
30300.0 0.2430078168936434 0.978601997146933
30360.0 0.2425155645890852 0.9757489300998576
30420.0 0.2430360246099721 0.9757489300998576
30480.0 0.242792110827601 0.9771754636233952
30540.0 0.2369314533399909 0.9771754636233952
30600.0 0.2051945435164107 0.9771754636233952
30660.0 0.2024877089338171 0.9800285306704708
30720.0 0.2037605777637156 0.985734664764622
30780.0 0.2030988761209372 0.9900142653352356
30840.0 0.2009693255613006 0.9942938659058488
30900.0 0.2008372809823543 0.9957203994293866
30960.0 0.2011553091566475 0.9957203994293866
31020.0 0.2288619016879976 0.992867332382311
31080.0 0.2599288118223666 0.9914407988587732
31140.0 0.2637847357933429 0.9885877318116976
31200.0 0.2569551498869542 0.985734664764622
31260.0 0.290767905377816 0.9843081312410844
31320.0 0.3120939001416697 0.9843081312410844
31380.0 0.3674878031008534 0.9843081312410844
31440.0 0.5161201180728567 0.9843081312410844
31500.0 0.6025295184552069 0.9800285306704708
31560.0 0.5928066135456397 0.9771754636233952
31620.0 0.5931563295494363 0.9771754636233952
31680.0 0.6281991153921554 0.978601997146933
31740.0 0.5908818532742279 0.9814550641940086
31800.0 0.58821854499548 0.985734664764622
31860.0 0.6168563167756494 0.9914407988587732
31920.0 0.6082534739933585 0.9971469329529246
31980.0 0.6037988239038581 1.0
32040.0 0.5965849270824556 1.0
32100.0 0.5447471685425237 0.9971469329529246
32160.0 0.4288139079124111 0.9942938659058488
32220.0 0.435306537077701 0.992867332382311
32280.0 0.60032619227279 0.9885877318116976
32340.0 0.6086323527659185 0.9814550641940086
32400.0 0.5852764901657239 0.9757489300998576
32460.0 0.619297034452711 0.971469329529244
32520.0 0.6181273023809728 0.9686162624821684
32580.0 0.5808123921505309 0.971469329529244
32640.0 0.5804629614041793 0.9771754636233952
32700.0 0.6154967286315864 0.9800285306704708
32760.0 0.606943551341363 0.9800285306704708
32820.0 0.5871592013879869 0.9843081312410844
32880.0 0.5946606952355965 0.9871611982881598
32940.0 0.5127993072570707 0.9885877318116976
33000.0 0.4251154654369822 0.9900142653352356
33060.0 0.4721757927129191 0.9900142653352356
33120.0 0.5699061061190052 0.9885877318116976
33180.0 0.5901696065564159 0.9885877318116976
33240.0 0.5899024406556919 0.9871611982881598
33300.0 0.5758411271390439 0.9871611982881598
33360.0 0.6059321776103308 0.9871611982881598
33420.0 0.5692124808634006 0.9885877318116976
33480.0 0.5622073489080721 0.9885877318116976
33540.0 0.5441754501785446 0.985734664764622
33600.0 0.5454729617948656 0.985734664764622
33660.0 0.5113341773704841 0.9843081312410844
33720.0 0.4564860264385594 0.9843081312410844
33780.0 0.4178718751545846 0.985734664764622
33840.0 0.4715212923341917 0.9871611982881598
33900.0 0.5472158694633321 0.9900142653352356
33960.0 0.5451865731651024 0.9885877318116976
34020.0 0.5381851221231726 0.9828815977175466
34080.0 0.5490211633083638 0.9814550641940086
34140.0 0.5390297847385654 0.9828815977175466
34200.0 0.5295207818456539 0.9814550641940086
34260.0 0.5430354037968521 0.9814550641940086
34320.0 0.5419498759895124 0.9800285306704708
34380.0 0.4623688711202672 0.9814550641940086
34440.0 0.4820515729915395 0.9814550641940086
34500.0 0.4036199800465549 0.9828815977175466
34560.0 0.5000849520454274 0.9828815977175466
34620.0 0.541160059932311 0.9828815977175466
34680.0 0.5220285696364838 0.9814550641940086
34740.0 0.5354292543991404 0.9828815977175466
34800.0 0.5381823002177001 0.9843081312410844
34860.0 0.5311128744975078 0.9843081312410844
34920.0 0.5459243985294628 0.985734664764622
34980.0 0.532863119684357 0.985734664764622
35040.0 0.4928109279600996 0.9871611982881598
35100.0 0.4628697265847234 0.9900142653352356
35160.0 0.4962091281389829 0.9942938659058488
35220.0 0.4381256146989245 0.9957203994293866
35280.0 0.5212606442605031 0.9942938659058488
35340.0 0.5331909248190575 0.992867332382311
35400.0 0.5422728819960989 0.9914407988587732
35460.0 0.5348005344627516 0.9885877318116976
35520.0 0.5340877209081144 0.9843081312410844
35580.0 0.5381822100359718 0.9828815977175466
35640.0 0.5367712711270637 0.9828815977175466
35700.0 0.5284184685389295 0.9828815977175466
35760.0 0.4608438420650929 0.9814550641940086
35820.0 0.4039106363931802 0.9814550641940086
35880.0 0.3542180994309282 0.9814550641940086
35940.0 0.2658102163618827 0.9814550641940086
36000.0 0.2529856051792971 0.9771754636233952
36060.0 0.2416838862344099 0.972895863052782
36120.0 0.2454475078098307 0.972895863052782
36180.0 0.2421234220228696 0.9743223965763196
36240.0 0.2455365556986328 0.978601997146933
36300.0 0.2444674279405304 0.9828815977175466
36360.0 0.2484842125255424 0.9843081312410844
36420.0 0.2454309150355197 0.9871611982881598
36480.0 0.2414263187005324 0.9900142653352356
36540.0 0.2456034798883537 0.9900142653352356
36600.0 0.2445030320242812 0.9900142653352356
36660.0 0.2459817409672353 0.9900142653352356
36720.0 0.244826384958124 0.9914407988587732
36780.0 0.246879464232866 0.992867332382311
36840.0 0.2443671600730484 0.9914407988587732
36900.0 0.2445361081988658 0.9871611982881598
36960.0 0.2456200607435217 0.985734664764622
37020.0 0.2446200814641911 0.9843081312410844
37080.0 0.2422413180261249 0.9828815977175466
37140.0 0.2487533415450497 0.9828815977175466
37200.0 0.2430160342438839 0.9828815977175466
37260.0 0.2448864010504614 0.9828815977175466
37320.0 0.2440747322818378 0.9843081312410844
37380.0 0.2484120834867211 0.9843081312410844
37440.0 0.2419591535571912 0.9828815977175466
37500.0 0.2414859666268624 0.9828815977175466
37560.0 0.2420347215591069 0.9843081312410844
37620.0 0.245626156679912 0.985734664764622
37680.0 0.2499753937315082 0.9900142653352356
37740.0 0.2453435264241487 0.9871611982881598
37800.0 0.2446643288623536 0.9843081312410844
37860.0 0.244166836780905 0.9828815977175466
37920.0 0.2433529248904315 0.9828815977175466
37980.0 0.2521855942173581 0.9828815977175466
38040.0 0.2448668803151954 0.9828815977175466
38100.0 0.2462493688384507 0.9828815977175466
38160.0 0.4273750984800029 0.9828815977175466
38220.0 0.2015809424955684 0.9843081312410844
38280.0 0.2008060146646276 0.9843081312410844
38340.0 0.2007626348473246 0.9843081312410844
38400.0 0.2007924804917147 0.985734664764622
38460.0 0.200722813682328 0.985734664764622
38520.0 0.2007355230837392 0.985734664764622
38580.0 0.2007176275830624 0.9885877318116976
38640.0 0.2156988758401986 0.9914407988587732
38700.0 0.2032780780834955 0.992867332382311
38760.0 0.2030369297635097 0.9914407988587732
38820.0 0.2011663710061881 0.9871611982881598
38880.0 0.2971765879091834 0.985734664764622
38940.0 0.3337130529447314 0.9843081312410844
39000.0 0.6665762082261203 0.9800285306704708
39060.0 0.6665762082261203 0.9771754636233952
39120.0 0.6667058988434844 0.9771754636233952
39180.0 0.6611447454952 0.9814550641940086
39240.0 0.7079889193915536 0.985734664764622
39300.0 0.6893687081133502 0.9900142653352356
39360.0 0.6666205619563116 0.992867332382311
39420.0 0.7926449415117545 0.9957203994293866
39480.0 0.8354224213619369 0.9971469329529246
39540.0 0.8711122606079995 0.992867332382311
39600.0 0.8084622800869459 0.9900142653352356
39660.0 0.8712368295613717 0.9885877318116976
39720.0 0.8055124944624015 0.985734664764622
39780.0 0.8654777895975059 0.9843081312410844
39840.0 0.8602376914156776 0.9828815977175466
39900.0 0.8410631168198579 0.9814550641940086
39960.0 0.8291136210819765 0.9814550641940086
40020.0 0.856737601895752 0.9814550641940086
40080.0 0.9333523582875648 0.9843081312410844
40140.0 0.8625444726609751 0.9885877318116976
40200.0 0.4247160488197457 0.9914407988587732
40260.0 0.4304082692389873 0.992867332382311
40320.0 0.4108381981241712 0.9900142653352356
40380.0 0.4140508515678007 0.985734664764622
40440.0 0.4167507567036412 0.9800285306704708
40500.0 0.4379395671107779 0.9771754636233952
40560.0 0.7761956018620181 0.9771754636233952
40620.0 0.4178107534580403 0.9800285306704708
40680.0 0.4409288908828986 0.9814550641940086
40740.0 0.438780295855928 0.9843081312410844
40800.0 0.4096172263762121 0.985734664764622
40860.0 0.4156802183661399 0.9885877318116976
40920.0 0.4284788076815208 0.9942938659058488
40980.0 0.4327268329027046 0.9957203994293866
41040.0 0.4226557801171318 0.992867332382311
41100.0 0.4248604260335079 0.985734664764622
41160.0 0.3944533865845814 0.9814550641940086
41220.0 0.4268182591332947 0.9814550641940086
41280.0 0.3949364279635735 0.9814550641940086
41340.0 0.422609665312839 0.9843081312410844
41400.0 0.4081451794874531 0.9871611982881598
41460.0 0.4337049537737605 0.9914407988587732
41520.0 0.4157964788196314 0.992867332382311
41580.0 0.4159099209627515 0.9871611982881598
41640.0 0.4097378590810437 0.9800285306704708
41700.0 0.4129294293031596 0.9757489300998576
41760.0 0.4210333630640395 0.9743223965763196
41820.0 0.4165098569434144 0.9757489300998576
41880.0 0.4073776201204191 0.9800285306704708
41940.0 0.4106002329067 0.9828815977175466
42000.0 0.4221804654953531 0.9843081312410844
42060.0 0.4174872445244644 0.9871611982881598
42120.0 0.4345688900303552 0.9914407988587732
42180.0 0.42112209898103 0.9942938659058488
42240.0 0.3965973974151746 0.9957203994293866
42300.0 0.4187501401567448 0.9942938659058488
42360.0 0.4263782060374412 0.9900142653352356
42420.0 0.4150876188529839 0.9843081312410844
42480.0 0.4150272296721161 0.9814550641940086
42540.0 0.4169041930190847 0.9814550641940086
42600.0 0.4255596913943378 0.9843081312410844
42660.0 0.4215005224755175 0.9843081312410844
42720.0 0.4253412746497201 0.9843081312410844
42780.0 0.4287184301023264 0.9843081312410844
42840.0 0.422945777564689 0.9828815977175466
42900.0 0.4309743541625054 0.9843081312410844
42960.0 0.4344605288159661 0.985734664764622
43020.0 0.4208213559975196 0.9871611982881598
43080.0 0.4295659093964679 0.9828815977175466
43140.0 0.4152546741304171 0.978601997146933
43200.0 0.3916810852109439 0.978601997146933
43260.0 0.4178429213994684 0.978601997146933
43320.0 0.4179706252810004 0.9814550641940086
43380.0 0.417188806775089 0.9843081312410844
43440.0 0.4186533948246305 0.9843081312410844
43500.0 0.4295031792516911 0.985734664764622
43560.0 0.418221623154781 0.9871611982881598
43620.0 0.4241318091334523 0.9871611982881598
43680.0 0.4154592395312408 0.9914407988587732
43740.0 0.426863407546757 0.9942938659058488
43800.0 0.4170098967623948 0.9957203994293866
43860.0 0.4220955260604342 0.9942938659058488
43920.0 0.4231550144951924 0.9900142653352356
43980.0 0.4341070992386602 0.9871611982881598
44040.0 0.4305126906373894 0.9843081312410844
44100.0 0.4185704088293767 0.9843081312410844
44160.0 0.3772256621099951 0.9843081312410844
44220.0 0.3349401586265341 0.9828815977175466
44280.0 0.401053536955061 0.9800285306704708
44340.0 0.4281776926603558 0.9771754636233952
44400.0 0.4240319152947578 0.9743223965763196
44460.0 0.9593096803745924 0.9743223965763196
44520.0 0.4165348897983065 0.9771754636233952
44580.0 0.4126455467907191 0.9814550641940086
44640.0 0.4141626830779731 0.9843081312410844
44700.0 0.4038034043447376 0.985734664764622
44760.0 0.4327468358793012 0.985734664764622
44820.0 0.4202776579897926 0.9885877318116976
44880.0 0.4295746213773106 0.992867332382311
44940.0 0.4274210158302813 0.9957203994293866
45000.0 0.4220142539051844 0.9957203994293866
45060.0 0.4279412689945818 0.9957203994293866
45120.0 0.4135626639951654 0.9914407988587732
45180.0 0.3985371723497872 0.9843081312410844
45240.0 0.4207516432261481 0.9814550641940086
45300.0 0.4252080827080848 0.9814550641940086
45360.0 0.4224855127551382 0.9814550641940086
45420.0 0.4012862691157155 0.9828815977175466
45480.0 0.4274716195607723 0.9843081312410844
45540.0 0.4248079386912772 0.9843081312410844
45600.0 0.4234110949293269 0.9843081312410844
45660.0 0.4264951627513974 0.9843081312410844
45720.0 0.4168742342672831 0.9843081312410844
45780.0 0.4142658811187798 0.9843081312410844
45840.0 0.4197008615731634 0.9843081312410844
45900.0 0.4214318142307027 0.9843081312410844
45960.0 0.4122209293167508 0.9828815977175466
46020.0 0.4132116187442187 0.9843081312410844
46080.0 0.4332183279130433 0.985734664764622
46140.0 0.3957795169479053 0.9900142653352356
46200.0 0.4061241336420487 0.9942938659058488
46260.0 0.4236870772900624 0.9957203994293866
46320.0 0.420190179500894 0.9914407988587732
46380.0 0.4162784608606021 0.9843081312410844
46440.0 0.4118700884334744 0.9814550641940086
46500.0 0.4231396294536142 0.9814550641940086
46560.0 0.4250219794788351 0.9828815977175466
46620.0 0.4173890254221359 0.9828815977175466
46680.0 0.4236537804592341 0.9828815977175466
46740.0 0.4143048243047784 0.9828815977175466
46800.0 0.4155059073727014 0.9843081312410844
46860.0 0.4063199856792986 0.9843081312410844
46920.0 0.4251222272690601 0.9843081312410844
46980.0 0.7859103437073713 0.985734664764622
47040.0 0.4215802469120889 0.9900142653352356
47100.0 0.4166092103831041 0.992867332382311
47160.0 0.3991433181485814 0.9942938659058488
47220.0 0.4260202247302864 0.9914407988587732
47280.0 0.4225848463111533 0.9843081312410844
47340.0 0.4206320888304097 0.9800285306704708
47400.0 0.4206665167630081 0.9800285306704708
47460.0 0.4204896618483761 0.9814550641940086
47520.0 0.419717229764274 0.9828815977175466
47580.0 0.4208646145216425 0.9843081312410844
47640.0 0.4252714462543663 0.9828815977175466
47700.0 0.4235515818012241 0.9828815977175466
47760.0 0.4287843897264219 0.9828815977175466
47820.0 0.4212175531464112 0.985734664764622
47880.0 0.4071866815908074 0.9900142653352356
47940.0 0.4313649042925158 0.9942938659058488
48000.0 0.4290393891413101 0.9942938659058488
48060.0 0.414651493543356 0.9885877318116976
48120.0 0.4035872451576834 0.9828815977175466
48180.0 0.4188457785848847 0.9828815977175466
48240.0 0.416139036424044 0.9828815977175466
48300.0 0.4257244899161917 0.9828815977175466
48360.0 0.4232895313422017 0.9828815977175466
48420.0 0.4263599813084676 0.9828815977175466
48480.0 0.4145892710545093 0.9828815977175466
48540.0 0.4228681633141906 0.9843081312410844
48600.0 0.4158026170399415 0.9843081312410844
48660.0 0.4171346233747775 0.9843081312410844
48720.0 0.4156510925992633 0.9843081312410844
48780.0 0.4212658877597059 0.9843081312410844
48840.0 0.4240821453283168 0.9843081312410844
48900.0 0.4137568106547262 0.9843081312410844
48960.0 0.4244187611708671 0.9843081312410844
49020.0 0.4248192247921626 0.9843081312410844
49080.0 0.3776476716699704 0.985734664764622
49140.0 0.3351176256486105 0.985734664764622
49200.0 0.2632946958586927 0.985734664764622
49260.0 0.2053679429028286 0.9843081312410844
49320.0 0.2027083928321528 0.9828815977175466
49380.0 0.2507643857915373 0.9828815977175466
49440.0 0.2493799953215267 0.9800285306704708
49500.0 0.2026340753999822 0.9814550641940086
49560.0 0.2042227600342658 0.9843081312410844
49620.0 0.2013992330882655 0.9885877318116976
49680.0 0.2728248968780799 0.9900142653352356
49740.0 0.2277334853200929 0.9885877318116976
49800.0 0.2035955531653118 0.985734664764622
49860.0 0.2038995374919745 0.9800285306704708
49920.0 0.2012832739595556 0.9771754636233952
49980.0 0.240774429471389 0.9757489300998576
50040.0 0.3347653057407412 0.9757489300998576
50100.0 0.3344314974509134 0.9814550641940086
50160.0 0.3747533387376629 0.985734664764622
50220.0 0.4184632245957788 0.9900142653352356
50280.0 0.4260284901442631 0.9971469329529246
50340.0 0.4281417661236908 0.9985734664764624
50400.0 0.4221207432333941 0.9957203994293866
50460.0 0.4170571699359168 0.992867332382311
50520.0 0.4103056264842223 0.9900142653352356
50580.0 0.429272725030058 0.9843081312410844
50640.0 0.4173224698132417 0.9814550641940086
50700.0 0.4262578301334467 0.9828815977175466
50760.0 0.4236294511932822 0.9843081312410844
50820.0 0.4296632536724254 0.9900142653352356
50880.0 0.4236657498229111 0.9942938659058488
50940.0 0.4291649511169155 0.9942938659058488
51000.0 0.4146814524610854 0.9871611982881598
51060.0 0.409483324872238 0.9800285306704708
51120.0 0.3823795363549359 0.9771754636233952
51180.0 0.4149036312854227 0.9771754636233952
51240.0 0.767675810588785 0.978601997146933
51300.0 0.4223649284735529 0.978601997146933
51360.0 0.4256826471152276 0.978601997146933
51420.0 0.4254942224185787 0.9814550641940086
51480.0 0.4236481357356866 0.985734664764622
51540.0 0.428907176256323 0.9871611982881598
51600.0 0.4194380488697438 0.9871611982881598
51660.0 0.4159835258458839 0.9871611982881598
51720.0 0.4281411656035339 0.9871611982881598
51780.0 0.4215271952772584 0.9871611982881598
51840.0 0.4299554482798478 0.9871611982881598
51900.0 0.4211484973382839 0.9914407988587732
51960.0 0.4235228432543907 0.9942938659058488
52020.0 0.4234704384888668 0.9971469329529246
52080.0 0.395236677312048 0.9942938659058488
52140.0 0.4241357614769839 0.9900142653352356
52200.0 0.4242130818971039 0.9843081312410844
52260.0 0.4233066863350156 0.9828815977175466
52320.0 0.4138224325329006 0.9828815977175466
52380.0 0.426644382511033 0.9828815977175466
52440.0 0.4302728293359429 0.9800285306704708
52500.0 0.4188277669900971 0.978601997146933
52560.0 0.4222117890858057 0.978601997146933
52620.0 0.415221797235052 0.9800285306704708
52680.0 0.4214623285362429 0.9814550641940086
52740.0 0.4169869271913338 0.9800285306704708
52800.0 0.4260302196644387 0.9814550641940086
52860.0 0.4195947582205387 0.9828815977175466
52920.0 0.4139347789445144 0.9871611982881598
52980.0 0.4266319785549423 0.9885877318116976
53040.0 0.4009261950172459 0.992867332382311
53100.0 0.4139543665486608 0.9971469329529246
53160.0 0.4179490133030789 1.0
53220.0 0.4226185263521043 0.9985734664764624
53280.0 0.4188440493965645 0.9900142653352356
53340.0 0.4239976050325839 0.9828815977175466
53400.0 0.4227090082437716 0.9814550641940086
53460.0 0.4281826714605609 0.9800285306704708
53520.0 0.4272985449779116 0.9800285306704708
53580.0 0.4151152728684337 0.9771754636233952
53640.0 0.4307057071907465 0.9743223965763196
53700.0 0.4237871991964396 0.9743223965763196
53760.0 0.4294437520645687 0.9771754636233952
53820.0 0.4255405014636825 0.9814550641940086
53880.0 0.4261252838166598 0.9843081312410844
53940.0 0.4196246691851503 0.9871611982881598
54000.0 0.3949110318651972 0.9900142653352356
54060.0 0.4085673382717786 0.992867332382311
54120.0 0.4098009874524039 0.992867332382311
54180.0 0.4190070977402386 0.9914407988587732
54240.0 0.4290289358041127 0.9914407988587732
54300.0 0.4203820693219116 0.9900142653352356
54360.0 0.418256390133068 0.9900142653352356
54420.0 0.4273786887691991 0.9885877318116976
54480.0 0.4256940141058878 0.9900142653352356
54540.0 0.4178722697584124 0.9885877318116976
54600.0 0.4262416613874832 0.9843081312410844
54660.0 0.4220001454286978 0.9828815977175466
54720.0 0.4052287824517788 0.9828815977175466
54780.0 0.4241295521842905 0.9814550641940086
54840.0 0.4031272769439733 0.9800285306704708
54900.0 0.4285063178376174 0.9757489300998576
54960.0 0.3958721691744525 0.9743223965763196
55020.0 0.3616611442631156 0.9757489300998576
55080.0 0.3337130516449642 0.978601997146933
55140.0 0.4017691407782809 0.9828815977175466
55200.0 0.4206038705223601 0.9828815977175466
55260.0 0.4209122245008284 0.9828815977175466
55320.0 0.4245116381465423 0.9843081312410844
55380.0 0.4245144604944888 0.9885877318116976
55440.0 0.4290324742685438 0.992867332382311
55500.0 0.4239071852532018 0.992867332382311
55560.0 0.4248491367523407 0.992867332382311
55620.0 0.4212709667802679 0.9914407988587732
55680.0 0.4113248956103643 0.9900142653352356
55740.0 0.4285619152741557 0.9900142653352356
55800.0 0.4176324317974685 0.9885877318116976
55860.0 0.419741270094716 0.9885877318116976
55920.0 0.4310236084579709 0.9885877318116976
55980.0 0.4218159776082983 0.9885877318116976
56040.0 0.4125479077164713 0.9871611982881598
56100.0 0.4007382563229566 0.9843081312410844
56160.0 0.4316420155703062 0.9828815977175466
56220.0 0.4280423986077976 0.9814550641940086
56280.0 0.4122228263962924 0.9814550641940086
56340.0 0.410780269790007 0.9814550641940086
56400.0 0.4333344970233122 0.9814550641940086
56460.0 0.4428655710991744 0.9814550641940086
56520.0 0.4105426668204536 0.9814550641940086
56580.0 0.4185749233637566 0.9800285306704708
56640.0 0.4233788312752456 0.9814550641940086
56700.0 0.4121764048745665 0.9828815977175466
56760.0 0.4251890589264095 0.9828815977175466
56820.0 0.4281757567537223 0.9828815977175466
56880.0 0.4074233364215821 0.9843081312410844
56940.0 0.4215892096927154 0.9885877318116976
57000.0 0.4158001886597664 0.9900142653352356
57060.0 0.3977848536671947 0.9914407988587732
57120.0 0.4257988078461455 0.9914407988587732
57180.0 0.4348742204458339 0.9914407988587732
57240.0 0.4143433828149592 0.9900142653352356
57300.0 0.4058628277561189 0.9885877318116976
57360.0 0.4080212999638536 0.9843081312410844
57420.0 0.4206287023834459 0.9814550641940086
57480.0 0.4183279406924675 0.9814550641940086
57540.0 0.4312108286851326 0.9814550641940086
57600.0 0.4221051204450148 0.9828815977175466
57660.0 0.4189252866793337 0.9843081312410844
57720.0 0.440190116384193 0.985734664764622
57780.0 0.416306680910893 0.9871611982881598
57840.0 0.4254903783982087 0.9885877318116976
57900.0 0.4190032875414736 0.9885877318116976
57960.0 0.428497288519966 0.9843081312410844
58020.0 0.3939517317079136 0.9828815977175466
58080.0 0.4245951656469858 0.9814550641940086
58140.0 0.430232192553125 0.9814550641940086
58200.0 0.428843501318977 0.9828815977175466
58260.0 0.4245567884405191 0.9843081312410844
58320.0 0.426436512161422 0.985734664764622
58380.0 0.4309935419084455 0.9871611982881598
58440.0 0.4156412531947154 0.9871611982881598
58500.0 0.4235296143784223 0.985734664764622
58560.0 0.417524611203321 0.9843081312410844
58620.0 0.4292934653895449 0.9828815977175466
58680.0 0.4332013971715743 0.9814550641940086
58740.0 0.4098750037257208 0.9828815977175466
58800.0 0.4303941699438359 0.985734664764622
58860.0 0.4299681233895255 0.9871611982881598
58920.0 0.4124448848677066 0.9885877318116976
58980.0 0.408155902899707 0.9885877318116976
59040.0 0.4177291772955104 0.9885877318116976
59100.0 0.4353206450564043 0.9885877318116976
59160.0 0.4298523183800342 0.9885877318116976
59220.0 0.4215377720923514 0.9871611982881598
59280.0 0.4235555774242421 0.9885877318116976
59340.0 0.4273369225162339 0.9885877318116976
59400.0 0.4359267888640656 0.9885877318116976
59460.0 0.4296107098871075 0.9885877318116976
59520.0 0.427947042035584 0.9871611982881598
59580.0 0.4250156402094096 0.9843081312410844
59640.0 0.4273478484432983 0.9814550641940086
59700.0 0.4217371438441973 0.9814550641940086
59760.0 0.4260512315093681 0.9814550641940086
59820.0 0.4167889200845563 0.9843081312410844
59880.0 0.3769942202311256 0.9871611982881598
59940.0 0.3350654177286991 0.9900142653352356
60000.0 0.3601013659286136 0.9914407988587732
60060.0 0.4328213176905559 0.9914407988587732
60120.0 0.4100723498869881 0.9885877318116976
60180.0 0.4210969353474218 0.985734664764622
60240.0 0.4221474493036476 0.9843081312410844
60300.0 0.4283990879738901 0.9843081312410844
60360.0 0.9262526111528334 0.9843081312410844
60420.0 0.4082840164844914 0.9828815977175466
60480.0 0.4323377783624068 0.9828815977175466
60540.0 0.4359591053384784 0.9828815977175466
60600.0 0.4161209993870024 0.985734664764622
60660.0 0.4171154379241713 0.9900142653352356
60720.0 0.4174230239337352 0.9914407988587732
60780.0 0.4303218725989738 0.9914407988587732
60840.0 0.4224217385376925 0.9900142653352356
60900.0 0.4001022819426752 0.9871611982881598
60960.0 0.4274359971696605 0.9843081312410844
61020.0 0.4100140903333939 0.9814550641940086
61080.0 0.431287020685981 0.9814550641940086
61140.0 0.4343729196589699 0.9814550641940086
61200.0 0.4267676781072499 0.9828815977175466
61260.0 0.4255587544003725 0.9843081312410844
61320.0 0.4370675026624501 0.9843081312410844
61380.0 0.4147789021841238 0.9843081312410844
61440.0 0.4191014886682966 0.9828815977175466
61500.0 0.4198090808363682 0.9828815977175466
61560.0 0.4119124151903558 0.9828815977175466
61620.0 0.4162908770953459 0.9871611982881598
61680.0 0.4121097700628297 0.9900142653352356
61740.0 0.4048619037671829 0.9914407988587732
61800.0 0.425524699445686 0.992867332382311
61860.0 0.4123444369133142 0.9885877318116976
61920.0 0.3983869802812315 0.9843081312410844
61980.0 0.41483816330523 0.9814550641940086
62040.0 0.8088924662619007 0.9800285306704708
62100.0 0.4454616265129971 0.9800285306704708
62160.0 0.4038377066423799 0.9800285306704708
62220.0 0.423241135418606 0.9800285306704708
62280.0 0.4403735404611386 0.9800285306704708
62340.0 0.4276117186318793 0.9814550641940086
62400.0 0.4190495687436381 0.9843081312410844
62460.0 0.4261071388712759 0.9885877318116976
62520.0 0.4306521830213584 0.9900142653352356
62580.0 0.4126901314370195 0.9900142653352356
62640.0 0.4269635648787074 0.9900142653352356
62700.0 0.4243325250935998 0.9900142653352356
62760.0 0.4328528458975704 0.9871611982881598
62820.0 0.4192420207555039 0.9843081312410844
62880.0 0.3896165807878677 0.9828815977175466
62940.0 0.4198949268728209 0.9814550641940086
63000.0 0.4367221889429152 0.9814550641940086
63060.0 0.4223440881702553 0.9843081312410844
63120.0 0.4287049803589801 0.985734664764622
63180.0 0.4303086213881721 0.9885877318116976
63240.0 0.4294567361870132 0.9885877318116976
63300.0 0.4266950822307234 0.985734664764622
63360.0 0.4175257400097574 0.9828815977175466
63420.0 0.4133408626011344 0.9828815977175466
63480.0 0.4268667949063233 0.9814550641940086
63540.0 0.4321591769476601 0.9814550641940086
63600.0 0.4228839287727744 0.9828815977175466
63660.0 0.4279101579299136 0.985734664764622
63720.0 0.4071580796854704 0.9885877318116976
63780.0 0.4281002835795117 0.9900142653352356
63840.0 0.4079152885628531 0.9900142653352356
63900.0 0.3910121697489154 0.9900142653352356
63960.0 0.4131997682124604 0.9885877318116976
64020.0 0.4240313506149935 0.985734664764622
64080.0 0.4114044746665781 0.9828815977175466
64140.0 0.4255867810342241 0.9814550641940086
64200.0 0.4110878573482298 0.9814550641940086
64260.0 0.430245174076035 0.9843081312410844
64320.0 0.4180286031999052 0.9871611982881598
64380.0 0.4309049350002753 0.9900142653352356
64440.0 0.4315219690052271 0.9900142653352356
64500.0 0.4364894758639511 0.9885877318116976
64560.0 0.4315838853850424 0.985734664764622
64620.0 0.4177651283065175 0.9828815977175466
64680.0 0.4175261923564398 0.9814550641940086
64740.0 0.4195513019658553 0.9814550641940086
64800.0 0.4066839993725181 0.9814550641940086
64860.0 0.3934271464467867 0.9828815977175466
64920.0 0.3556307194367656 0.9843081312410844
64980.0 0.3339832329782182 0.9871611982881598
65040.0 0.3992951360877825 0.9885877318116976
65100.0 0.4140699174674681 0.9900142653352356
65160.0 0.4271145110612008 0.9885877318116976
65220.0 0.4239260254081746 0.9871611982881598
65280.0 0.4267238906054821 0.985734664764622
65340.0 0.4180821693213578 0.9843081312410844
65400.0 0.4235076036484794 0.9814550641940086
65460.0 0.4214436657303728 0.9800285306704708
65520.0 0.4008607258202499 0.978601997146933
65580.0 0.4110669766691815 0.9800285306704708
65640.0 0.4206828834607691 0.9814550641940086
65700.0 0.4201979747033015 0.9843081312410844
65760.0 0.4317800758042697 0.9871611982881598
65820.0 0.4327080277584855 0.9885877318116976
65880.0 0.4325647771111351 0.9900142653352356
65940.0 0.4105695567386464 0.9900142653352356
66000.0 0.4176629679778161 0.9885877318116976
66060.0 0.3936208566610739 0.9885877318116976
66120.0 0.4284036008213379 0.9885877318116976
66180.0 0.4121280104443204 0.9871611982881598
66240.0 0.4391465794130187 0.9843081312410844
66300.0 0.4215040573448474 0.9828815977175466
66360.0 0.4254428665652829 0.9828815977175466
66420.0 0.4341181436104785 0.9843081312410844
66480.0 0.9207936031720988 0.985734664764622
66540.0 0.4157676952787249 0.9885877318116976
66600.0 0.4140592231478784 0.9900142653352356
66660.0 0.416479944789654 0.9900142653352356
66720.0 0.4210672263445282 0.9885877318116976
66780.0 0.426170796745719 0.985734664764622
66840.0 0.4263317621431247 0.9828815977175466
66900.0 0.4161847734385203 0.9828815977175466
66960.0 0.4133275287030074 0.9828815977175466
67020.0 0.4340967277038401 0.9814550641940086
67080.0 0.3909976205406886 0.9814550641940086
67140.0 0.4229849881709003 0.9800285306704708
67200.0 0.4115246871317456 0.9814550641940086
67260.0 0.4315029552345257 0.9843081312410844
67320.0 0.4373749516710075 0.9871611982881598
67380.0 0.4287427963425104 0.9914407988587732
67440.0 0.4298419025425067 0.992867332382311
67500.0 0.4240138547789406 0.9914407988587732
67560.0 0.4231270602058367 0.9871611982881598
67620.0 0.4275401004292697 0.9843081312410844
67680.0 0.4083059095163551 0.9828815977175466
67740.0 0.4213923093239845 0.9828815977175466
67800.0 0.4243282131846488 0.9828815977175466
67860.0 0.41723960129483 0.9828815977175466
67920.0 0.4262612171611576 0.9843081312410844
67980.0 0.438278913239032 0.9885877318116976
68040.0 0.4303103483641224 0.9914407988587732
68100.0 0.4334559353626458 0.9885877318116976
68160.0 0.391224501287137 0.985734664764622
68220.0 0.4120044098176024 0.985734664764622
68280.0 0.4153117479090498 0.9828815977175466
68340.0 0.4372163979780387 0.9814550641940086
68400.0 0.4279608579261501 0.9814550641940086
68460.0 0.4241883059536674 0.9814550641940086
68520.0 0.4088664926907311 0.9814550641940086
68580.0 0.4293890092388712 0.9843081312410844
68640.0 0.4177847902739474 0.9871611982881598
68700.0 0.4140638325652728 0.9900142653352356
68760.0 0.4165435321448063 0.992867332382311
68820.0 0.4223550352531069 0.9914407988587732
68880.0 0.4174506785299322 0.9871611982881598
68940.0 0.4223463932937719 0.9828815977175466
69000.0 0.4278900170950171 0.9814550641940086
69060.0 0.41766527182922 0.9814550641940086
69120.0 0.4125606891028683 0.9828815977175466
69180.0 0.4154708339811823 0.9828815977175466
69240.0 0.3883876671297215 0.9843081312410844
69300.0 0.4147399621230977 0.9871611982881598
69360.0 0.425707536276694 0.9900142653352356
69420.0 0.436669185150584 0.9914407988587732
69480.0 0.4208132548520086 0.9885877318116976
69540.0 0.4042114526890983 0.9871611982881598
69600.0 0.4286965153062738 0.985734664764622
69660.0 0.4105943290869817 0.9814550641940086
69720.0 0.4175085633633731 0.9771754636233952
69780.0 0.4259132634482658 0.9771754636233952
69840.0 0.4188958478897697 0.9800285306704708
69900.0 0.4317853677101261 0.9843081312410844
69960.0 0.4287585970883943 0.9885877318116976
70020.0 0.4195163100172034 0.992867332382311
70080.0 0.4232101765096782 0.9942938659058488
70140.0 0.7872434077209512 0.9914407988587732
70200.0 0.436739495538377 0.9885877318116976
70260.0 0.4133989935054184 0.9843081312410844
70320.0 0.4214064165836675 0.9800285306704708
70380.0 0.3679246344330281 0.9771754636233952
70440.0 0.3338969505518013 0.9771754636233952
70500.0 0.2893121992467807 0.9800285306704708
70560.0 0.2049135725380786 0.9828815977175466
70620.0 0.2025474422576255 0.985734664764622
70680.0 0.2093947277869902 0.9885877318116976
70740.0 0.3348349620413708 0.9885877318116976
70800.0 0.3517131654219494 0.985734664764622
70860.0 0.393197008179231 0.9828815977175466
70920.0 0.4227519950335605 0.9800285306704708
70980.0 0.4239805561782164 0.9771754636233952
71040.0 0.788529630277342 0.9771754636233952
71100.0 0.4234554580897449 0.9814550641940086
71160.0 0.4317836742792345 0.9843081312410844
71220.0 0.4314845542349795 0.985734664764622
71280.0 0.4311865594573691 0.9885877318116976
71340.0 0.4137161759183505 0.9914407988587732
71400.0 0.4340821733518533 0.992867332382311
71460.0 0.4272121970929999 0.992867332382311
71520.0 0.4016881076142904 0.992867332382311
71580.0 0.4206473622855806 0.9914407988587732
71640.0 0.420893348505463 0.9914407988587732
71700.0 0.3846575657238713 0.9914407988587732
71760.0 0.4136202300814118 0.9900142653352356
71820.0 0.4330781152090869 0.9900142653352356
71880.0 0.4327211115205398 0.9871611982881598
71940.0 0.4204902149408531 0.985734664764622
72000.0 0.4020521338350545 0.9843081312410844
72060.0 0.4213065794369521 0.978601997146933
72120.0 0.4302158269615491 0.9757489300998576
72180.0 0.4276992925292302 0.9743223965763196
72240.0 0.4149384116485475 0.9743223965763196
72300.0 0.4282997579853215 0.978601997146933
72360.0 0.4218466345287338 0.9843081312410844
72420.0 0.4200496494324743 0.985734664764622
72480.0 0.4199587815375672 0.9900142653352356
72540.0 0.4064170481822937 0.992867332382311
72600.0 0.3934041360298462 0.9914407988587732
72660.0 0.4507038562579227 0.9900142653352356
72720.0 0.4257799799145163 0.9871611982881598
72780.0 0.4267970591539594 0.985734664764622
72840.0 0.4281078676665207 0.9843081312410844
72900.0 0.4171761303932987 0.9828815977175466
72960.0 0.4157680496450749 0.9814550641940086
73020.0 0.434987437397352 0.9828815977175466
73080.0 0.420847116971003 0.9828815977175466
73140.0 0.4212016074073345 0.9843081312410844
73200.0 0.4256787761315994 0.9843081312410844
73260.0 0.4124875193652422 0.9843081312410844
73320.0 0.4267187042573249 0.9843081312410844
73380.0 0.4147048676311006 0.9828815977175466
73440.0 0.385389374880122 0.9828815977175466
73500.0 0.4327203353382122 0.9828815977175466
73560.0 0.4298630900496067 0.9843081312410844
73620.0 0.4364358603513404 0.985734664764622
73680.0 0.4220170762807854 0.9871611982881598
73740.0 0.4274094941949646 0.9900142653352356
73800.0 0.4260284911398296 0.9914407988587732
73860.0 0.8707071843890279 0.9885877318116976
73920.0 0.4301941275950162 0.985734664764622
73980.0 0.4098050217642406 0.9843081312410844
74040.0 0.4211232527872463 0.9843081312410844
74100.0 0.4196794496764454 0.9843081312410844
74160.0 0.426446192164718 0.9843081312410844
74220.0 0.4182823168960213 0.9843081312410844
74280.0 0.4096296910618568 0.9843081312410844
74340.0 0.3973169817896425 0.9843081312410844
74400.0 0.4084689584131217 0.9843081312410844
74460.0 0.4209774909617771 0.9843081312410844
74520.0 0.4308360795775524 0.9828815977175466
74580.0 0.4077027168718781 0.9828815977175466
74640.0 0.4357507033563784 0.9843081312410844
74700.0 0.4209368556446543 0.9843081312410844
74760.0 0.4154804260980837 0.985734664764622
74820.0 0.4221574200123495 0.985734664764622
74880.0 0.4106853597570047 0.9871611982881598
74940.0 0.4282207437471452 0.9871611982881598
75000.0 0.4282540423478694 0.985734664764622
75060.0 0.4186865803732525 0.985734664764622
75120.0 0.413342555589552 0.985734664764622
75180.0 0.4084234193780975 0.985734664764622
75240.0 0.3827672652708394 0.985734664764622
75300.0 0.3390357327559037 0.985734664764622
75360.0 0.3674324936595678 0.9871611982881598
75420.0 0.4280497359049433 0.9885877318116976
75480.0 0.4206484561918816 0.9900142653352356
75540.0 0.425976639439128 0.9914407988587732
75600.0 1.0 0.9914407988587732
75660.0 0.4036374765186642 0.9900142653352356
75720.0 0.3941716939588399 0.9871611982881598
75780.0 0.4295325617917502 0.9828815977175466
75840.0 0.4303557940924457 0.978601997146933
75900.0 0.4224121444573128 0.9771754636233952
75960.0 0.4270084529515407 0.978601997146933
76020.0 0.4074566356583626 0.9814550641940086
76080.0 0.4318094595611322 0.9843081312410844
76140.0 0.4041347173025459 0.9885877318116976
76200.0 0.4069249875169226 0.992867332382311
76260.0 0.3893353042812513 0.9914407988587732
76320.0 0.4247108619461507 0.9885877318116976
76380.0 0.4267077572297825 0.985734664764622
76440.0 0.4164980039503947 0.9828815977175466
76500.0 0.4131489734714825 0.9800285306704708
76560.0 0.4393294359064643 0.978601997146933
76620.0 0.4348053648571832 0.9800285306704708
76680.0 0.4339441209718029 0.9814550641940086
76740.0 0.4070880946819816 0.9843081312410844
76800.0 0.4386634671828803 0.985734664764622
76860.0 0.4153139334263181 0.9871611982881598
76920.0 0.4111979106107793 0.9900142653352356
76980.0 0.4199047205919302 0.9914407988587732
77040.0 0.4169705109364869 0.9900142653352356
77100.0 0.3898270951960652 0.9871611982881598
77160.0 0.4214340746366925 0.985734664764622
77220.0 0.4292450943827652 0.9843081312410844
77280.0 0.4227818123319611 0.978601997146933
77340.0 0.4265532146740757 0.9771754636233952
77400.0 0.4160515092076983 0.9800285306704708
77460.0 0.4109061271723044 0.9843081312410844
77520.0 0.4137131728197826 0.985734664764622
77580.0 0.4263211689841491 0.9871611982881598
77640.0 0.42012185535115 0.9871611982881598
77700.0 0.4083980207078412 0.9871611982881598
77760.0 0.4123334440897147 0.9885877318116976
77820.0 0.4126545538187437 0.9885877318116976
77880.0 0.4170324719785197 0.9871611982881598
77940.0 0.425376833296924 0.985734664764622
78000.0 0.3870879003617893 0.985734664764622
78060.0 0.4274475423390622 0.985734664764622
78120.0 0.4232541863546218 0.985734664764622
78180.0 0.4243225927142064 0.985734664764622
78240.0 0.4169767867938599 0.985734664764622
78300.0 0.4221734122111943 0.985734664764622
78360.0 0.4223118252351943 0.9843081312410844
78420.0 0.407212975496547 0.9814550641940086
78480.0 0.4032975427573079 0.9800285306704708
78540.0 0.4208743608960358 0.9800285306704708
78600.0 0.4050462137046944 0.9828815977175466
78660.0 0.4156367621391111 0.985734664764622
78720.0 0.420358717702222 0.9885877318116976
78780.0 0.4203552594362002 0.9914407988587732
78840.0 0.4228156747275018 0.992867332382311
78900.0 0.3951192884669396 0.9914407988587732
78960.0 0.4305939620459644 0.9900142653352356
79020.0 0.4157163382639349 0.9885877318116976
79080.0 0.4276422533741865 0.9871611982881598
79140.0 0.4157044862388269 0.985734664764622
79200.0 0.4293490971454714 0.985734664764622
79260.0 0.4175494688108617 0.9871611982881598
79320.0 0.4301173427619963 0.9871611982881598
79380.0 0.409745759647568 0.9871611982881598
79440.0 0.4173115231728641 0.9871611982881598
79500.0 0.4260993552838105 0.9871611982881598
79560.0 0.4195761327760653 0.985734664764622
79620.0 0.4245799283364084 0.985734664764622
79680.0 0.4189067792094857 0.9843081312410844
79740.0 0.3996015931249823 0.9843081312410844
79800.0 0.3385700288902429 0.9843081312410844
79860.0 0.3705179598376933 0.985734664764622
79920.0 0.4147874615944067 0.9843081312410844
79980.0 0.4135011467268815 0.9843081312410844
80040.0 0.427315581857827 0.9843081312410844
80100.0 0.4173397555018079 0.985734664764622
80160.0 0.4303564398832218 0.985734664764622
80220.0 0.9230873087028376 0.9828815977175466
80280.0 0.4062554351965614 0.978601997146933
80340.0 0.4137572776307045 0.9771754636233952
80400.0 0.416885192799149 0.978601997146933
80460.0 0.420361598318461 0.9828815977175466
80520.0 0.4297133449350818 0.9843081312410844
80580.0 0.9225849149499296 0.9885877318116976
80640.0 0.4310806445710058 0.992867332382311
80700.0 0.3912335301346598 0.9957203994293866
80760.0 0.4200270728889275 0.992867332382311
80820.0 0.4286863566844027 0.9885877318116976
80880.0 0.4246939320343204 0.9871611982881598
80940.0 0.4246939320343204 0.985734664764622
81000.0 0.415354006082464 0.985734664764622
81060.0 0.4251942441683817 0.9871611982881598
81120.0 0.4305087384874401 0.9871611982881598
81180.0 0.4301709228766885 0.9885877318116976
81240.0 0.4117540946535207 0.9871611982881598
81300.0 0.4178147021511616 0.985734664764622
81360.0 0.4199542673903521 0.9814550641940086
81420.0 0.4132083055543535 0.978601997146933
81480.0 0.4250398992602716 0.9771754636233952
81540.0 0.4109433776464317 0.978601997146933
81600.0 0.402744795907765 0.9828815977175466
81660.0 0.4238069037243357 0.9843081312410844
81720.0 0.4205762145987413 0.985734664764622
81780.0 0.4149318484043234 0.985734664764622
81840.0 0.4197934204100458 0.985734664764622
81900.0 0.4174884926606027 0.9871611982881598
81960.0 0.8172524858495668 0.9843081312410844
82020.0 0.4253803347871229 0.9800285306704708
82080.0 0.4402411472956585 0.9814550641940086
82140.0 0.4095930023914131 0.9843081312410844
82200.0 0.4282388034609783 0.985734664764622
82260.0 0.4100093279029658 0.9885877318116976
82320.0 0.4342296990168863 0.9900142653352356
82380.0 0.4249695502942783 0.9900142653352356
82440.0 0.3974815678963305 0.992867332382311
82500.0 0.4160577880517706 0.9942938659058488
82560.0 0.4239506432777811 0.9914407988587732
82620.0 0.4382460748112487 0.9871611982881598
82680.0 0.4268955789173584 0.985734664764622
82740.0 0.4344018334255 0.9828815977175466
82800.0 0.4261189921131873 0.9800285306704708
82860.0 0.4277695793552836 0.978601997146933
82920.0 0.4333774837854465 0.9800285306704708
82980.0 0.4315991699850267 0.9828815977175466
83040.0 0.4222766930775996 0.985734664764622
83100.0 0.4229838605259581 0.9871611982881598
83160.0 0.4265666043239244 0.985734664764622
83220.0 0.4264905540530233 0.985734664764622
83280.0 0.4145224391482682 0.985734664764622
83340.0 0.416165009093673 0.9828815977175466
83400.0 0.414193641101953 0.9814550641940086
83460.0 0.4203132146735182 0.9828815977175466
83520.0 0.4210790775399974 0.985734664764622
83580.0 0.4216832592520965 0.9871611982881598
83640.0 0.4160883819473183 0.9900142653352356
83700.0 0.4243733647507381 0.9900142653352356
83760.0 0.4287236650949669 0.9900142653352356
83820.0 0.408704481201869 0.9885877318116976
83880.0 0.4119632102355345 0.9871611982881598
83940.0 0.4290328874009695 0.9843081312410844
84000.0 0.4301830921556414 0.9814550641940086
84060.0 0.4056867389851861 0.9800285306704708
84120.0 0.4211848988707681 0.9828815977175466
84180.0 0.4044637274874808 0.985734664764622
84240.0 0.3543304332043789 0.9871611982881598
84300.0 0.3604657869191333 0.9871611982881598
84360.0 0.4180230526956612 0.9885877318116976
84420.0 0.4295596402038592 0.9871611982881598
84480.0 0.4301385051863525 0.9843081312410844
84540.0 0.4195204373038855 0.9814550641940086
84600.0 0.4247161590234217 0.9800285306704708
84660.0 0.4236588611114189 0.978601997146933
84720.0 0.4264110455161002 0.9814550641940086
84780.0 0.4170315193320372 0.985734664764622
84840.0 0.4235160729323432 0.9885877318116976
84900.0 0.4310472302633355 0.9885877318116976
84960.0 0.4062048414493897 0.9900142653352356
85020.0 0.4138616081836672 0.9900142653352356
85080.0 0.4301413274789897 0.9900142653352356
85140.0 0.4204983310751704 0.9900142653352356
85200.0 0.3991224338744319 0.9885877318116976
85260.0 0.4097293946920483 0.9885877318116976
85320.0 0.4236144736149319 0.9885877318116976
85380.0 0.42698215066645 0.985734664764622
85440.0 0.4194877461646288 0.9828815977175466
85500.0 0.4267567187733999 0.9800285306704708
85560.0 0.4130988025082002 0.9800285306704708
85620.0 0.4060488048802839 0.9800285306704708
85680.0 0.4189242741882453 0.9828815977175466
85740.0 0.40990886659139 0.9871611982881598
85800.0 0.4223370825626681 0.9885877318116976
85860.0 0.4305526014310219 0.9885877318116976
85920.0 0.4176465788245006 0.9900142653352356
85980.0 0.4170939898552053 0.9885877318116976
86040.0 0.4142664458538535 0.9871611982881598
86100.0 0.4079267651487877 0.9843081312410844
86160.0 0.4040649578501693 0.9800285306704708
86220.0 0.4192098975592572 0.978601997146933
86280.0 0.422214046145586 0.978601997146933
86340.0 0.4269260561933573 0.9800285306704708
